about-photo.jpg : 214.4208984375 KB
Bounty Quest - 2k26.jpg : 362.8798828125 KB
cers-thumbnail.jpg : 322.8583984375 KB
dev heat 2k26.jpg : 373.5478515625 KB
dorjetea-thumbnail.jpg : 374.4482421875 KB
encode.jpg : 80.4453125 KB
hack-the-spring.jpeg : 129.0341796875 KB
Harshit Pandya Final-Resume.pdf.pdf : 213.271484375 KB
harshit.jpg : 124.4853515625 KB
hero.png : 43.8662109375 KB
react.svg : 4.029296875 KB
su-hackathon.jpeg : 177.5380859375 KB
vite.svg : 8.505859375 KB
